Collected data over the following with the following iterations: num_iterations=(100 300 1000 3000 10000 30000 100000 300000 1000000)

3, 0.05, 0.042717209646698596
9, 0.05333333333333334, 0.025426896229226482
29, 0.058, 0.014487569071448806
91, 0.050666666666666665, 0.007848126158988998
294, 0.048, 0.004189818058102284
901, 0.048, 0.0024189925837009092
2882, 0.04787, 0.0013232317402668363
9011, 0.04762333333333333, 0.0007620960528954825
30111, 0.047776, 0.0004180522123016195

3, 0.7142857142857143, 0.23664319132398465
8, 0.6842105263157895, 0.14779439819434764
27, 0.7441860465116279, 0.0752946454073473
88, 0.8075949367088607, 0.03887429854229369
284, 0.7814126394052044, 0.02208755622673284
849, 0.806443429731101, 0.012333566346451776
2749, 0.8080266041871362, 0.0067110904212534525
8780, 0.8040907957096532, 0.0038852414106826764
28970, 0.8046074636401218, 0.002130604333741653

4, 0.0, 0.0
9, 0.1111111111111111, 0.20532285794453822
27, 0.05128205128205128, 0.06922692175248929
82, 0.05128205128205128, 0.04895082581185569
285, 0.08550185873605948, 0.03341635860765585
828, 0.10834371108343711, 0.02149804120227137
2773, 0.1016260162601626, 0.011384742424166521
8382, 0.10062034739454094, 0.0065675439177032766
28859, 0.10236487760721155, 0.00364881664004688

No samples succeeded.
No samples succeeded.
28, 0.5, 0.6929646455628166
88, 0.375, 0.33548006647191425
286, 0.5862068965517241, 0.17925618865701615
838, 0.463768115942029, 0.11766797686705044
2852, 0.46440677966101696, 0.05691305185367766
8368, 0.4224464060529634, 0.03437964856212064
27732, 0.44983701557406736, 0.01855650343082013
